
            50, 100, 3.0158183964059164
        
            100, 200, 6.2999261222433125
        
            150, 300, 2.6470713026251724
        
            200, 400, 4.3385611458167785
        
            250, 500, 14.950206787005113
        
            300, 600, 6.09408693251741
        
            350, 700, 3.9744363556092557
        
            400, 800, 5.520464893189274
        
            450, 900, 5.604763410770389
        
            500, 1000, 6.774624627888123
        
            550, 1100, 5.667840107424546
        
            600, 1200, 6.852425356860575
        
            650, 1300, 5.16298316460572
        
            700, 1400, 2.5751858404732086
        
            750, 1500, 4.897602649974776
        
            800, 1600, 3.6339706927883424
        
            850, 1700, 3.4107170174839574
        
            900, 1800, 4.095484314681767
        
            950, 1900, 5.946337984071376
        