
            50, 100, 30.874640648577707
        
            100, 200, 7.446956583298528
        
            150, 300, 8.146189431397698
        
            200, 400, 26.13885517067765
        
            250, 500, 12.544950175831238
        
            300, 600, 17.84639149563447
        
            350, 700, 20.660452503842308
        
            400, 800, 19.842685026892607
        
            450, 900, 23.54644145828029
        
            500, 1000, 19.863687370461424
        
            550, 1100, 29.562247281932503
        
            600, 1200, 55.27312856119202
        
            650, 1300, 5.450774176517011
        
            700, 1400, 4.400062924996334
        
            750, 1500, 8.023090485107499
        
            800, 1600, 16.33763894770055
        
            850, 1700, 47.25454610684465
        
            900, 1800, 12.148245744606193
        
            950, 1900, 10.629864529147927
        