
            50, 100, 4.215949216304944
        
            100, 200, 5.531656200043292
        
            150, 300, 2.8706339799900427
        
            200, 400, 4.081304793415639
        
            250, 500, 3.648654029264235
        
            300, 600, 6.063856037407709
        
            350, 700, 6.414468824156602
        
            400, 800, 9.39817363519267
        
            450, 900, 2.6462404958124477
        
            500, 1000, 4.281545118199508
        
            550, 1100, 4.913719098097447
        
            600, 1200, 9.541333886599991
        
            650, 1300, 5.429973083329869
        
            700, 1400, 4.679921297470417
        
            750, 1500, 3.901523843245427
        
            800, 1600, 6.447787686099944
        
            850, 1700, 4.944333584740695
        
            900, 1800, 5.964523359080503
        
            950, 1900, 4.864083285471192
        