
            50, 100, 4.6722172446063945
        
            100, 200, 6.5939723186591
        
            150, 300, 3.629846534461677
        
            200, 400, 5.185332257672572
        
            250, 500, 5.180057150088636
        
            300, 600, 7.662196646615881
        
            350, 700, 7.851169847369135
        
            400, 800, 6.384355234283043
        
            450, 900, 6.278804107810966
        
            500, 1000, 12.381539971085715
        
            550, 1100, 11.029184212775071
        
            600, 1200, 7.58508626397842
        
            650, 1300, 4.900250522212747
        
            700, 1400, 2.53114377129136
        
            750, 1500, 5.114853204312942
        
            800, 1600, 4.696322579120285
        
            850, 1700, 7.611183701356711
        
            900, 1800, 5.609496613811891
        
            950, 1900, 5.164378667902867
        