
            50, 100, 10.456865701245752
        
            100, 200, 10.44261604009714
        
            150, 300, 4.897046498946138
        
            200, 400, 7.568209101720311
        
            250, 500, 7.727777488668004
        
            300, 600, 2.7698933576851394
        
            350, 700, 3.800445667931688
        
            400, 800, 5.6095697806924205
        
            450, 900, 7.966185414001781
        
            500, 1000, 6.808347555502136
        
            550, 1100, 6.984802811414427
        
            600, 1200, 6.69566083166115
        
            650, 1300, 4.07926913844844
        
            700, 1400, 2.992651242637447
        
            750, 1500, 2.3444391720830438
        
            800, 1600, 6.558649708312801
        