
            50, 100, 6.9874891477903445
        
            100, 200, 5.120784380595559
        
            150, 300, 2.9230738249500123
        
            200, 400, 6.106158982600691
        
            250, 500, 6.85276467934066
        
            300, 600, 7.264340271632043
        
            350, 700, 19.883532079147546
        
            400, 800, 13.33227852040276
        
            450, 900, 16.61152103959207
        
            500, 1000, 44.02522576993703
        
            550, 1100, 26.345614895267005
        
            600, 1200, 132.01277835824249
        
            650, 1300, 56.50433665152913
        
            700, 1400, 5.298269257388988
        
            750, 1500, 2.669174438266949
        
            800, 1600, 9.230218533516622
        
            850, 1700, 6.53461917537343
        
            900, 1800, 17.496296965400237
        
            950, 1900, 28.991851282219855
        